0 0.20365624999999998 0.23674074074074075 0.05578125 0.11164814814814815
0 0.3890625 0.2972592592592593 0.07402083333333334 0.0987962962962963
0 0.6855208333333334 0.3199444444444445 0.10123958333333333 0.09855555555555555
0 0.31428124999999996 0.3360740740740741 0.07348958333333333 0.1108888888888889
0 0.19740624999999998 0.039296296296296294 0.02565625 0.03585185185185185
0 0.2539375 0.04016666666666667 0.024927083333333332 0.04044444444444444
0 0.20686458333333332 0.4001851851851852 0.076625 0.13657407407407407
0 0.0758125 0.45172222222222225 0.07892708333333333 0.1456111111111111
0 0.8317395833333333 0.6658148148148149 0.219 0.28318518518518515
0 0.57903125 0.6735185185185185 0.17351041666666667 0.2757962962962963
0 0.02323958333333333 0.07137037037037038 0.02346875 0.04872222222222222
0 0.34013541666666663 0.078 0.0370625 0.04201851851851852
0 0.29143749999999996 0.08046296296296297 0.03741666666666667 0.041277777777777774
0 0.1253125 0.08368518518518518 0.030489583333333334 0.047703703703703706
0 0.26567708333333334 0.09174074074074073 0.03879166666666667 0.04388888888888889
0 0.5748229166666667 0.9273518518518519 0.20034375000000001 0.14529629629629628
0 0.09194791666666666 0.09992592592592593 0.032677083333333336 0.06024074074074074
0 0.35794791666666664 0.13914814814814816 0.04865625 0.05037037037037037
0 0.05714583333333333 0.13951851851851851 0.031989583333333335 0.056796296296296296
0 0.5363958333333334 0.14142592592592593 0.06259375 0.06061111111111111