0 0.9432916666666666 0.018518518518518517 0.05427083333333334 0.037037037037037035
0 0.49396874999999996 0.19003703703703703 0.1155625 0.0895
0 0.8957083333333333 0.19196296296296295 0.09852083333333334 0.10757407407407409
0 0.83403125 0.022518518518518518 0.05370833333333334 0.04505555555555555
0 0.58009375 0.2416296296296296 0.09871875 0.09864814814814815
0 0.24334375000000003 0.26466666666666666 0.11432291666666666 0.11337037037037037
0 0.4491875 0.26542592592592595 0.11735416666666666 0.10635185185185185
0 0.19347916666666667 0.34838888888888886 0.14760416666666665 0.12412962962962963
0 0.7406145833333333 0.4377962962962963 0.16013541666666667 0.1775925925925926
0 0.3964479166666666 0.5777777777777777 0.22180208333333334 0.20114814814814816
0 0.854375 0.07938888888888888 0.06715625 0.07044444444444445
0 0.73115625 0.08044444444444444 0.06590625 0.06116666666666667
0 0.6692395833333333 0.0827962962962963 0.07667708333333333 0.08868518518518519