0 0.44133333333333336 0.23692592592592593 0.04714583333333333 0.05218518518518518
0 0.48760416666666667 0.2430185185185185 0.04353125 0.052981481481481484
0 0.06908333333333333 0.24588888888888888 0.03822916666666667 0.05018518518518519
0 0.2632291666666667 0.2506481481481481 0.0403125 0.051166666666666666
0 0.5368125 0.25296296296296295 0.0538125 0.06435185185185185
0 0.36372916666666666 0.2627037037037037 0.050604166666666665 0.058166666666666665
0 0.5937916666666666 0.2628888888888889 0.06682291666666668 0.06709259259259259
0 0.20773958333333334 0.2884814814814815 0.04311458333333333 0.05561111111111111
0 0.7128229166666666 0.29487037037037034 0.07892708333333333 0.06553703703703703
0 0.8007083333333332 0.3166296296296296 0.08962500000000001 0.07198148148148148
0 0.18902083333333333 0.318962962962963 0.05215625 0.056740740740740744
0 0.5201145833333334 0.3393333333333334 0.07971875 0.06327777777777778
0 0.45158333333333334 0.34270370370370373 0.07405208333333334 0.06714814814814815
0 0.9064270833333333 0.3547037037037037 0.09113541666666666 0.0883148148148148
0 0.411875 0.3805925925925926 0.09721874999999999 0.11446296296296296
0 0.8572916666666667 0.4724074074074074 0.1515 0.11575925925925926
0 0.43745833333333334 0.4772592592592593 0.12594791666666666 0.12544444444444444
0 0.10176041666666666 0.9672407407407406 0.20353125 0.06551851851851852