0 0.6093645833333333 0.20264814814814816 0.09474999999999999 0.09474074074074074
0 0.48334375 0.2124074074074074 0.11673958333333333 0.10001851851851852
0 0.9278645833333333 0.2268888888888889 0.09873958333333334 0.12614814814814815
0 0.2606354166666667 0.26887037037037037 0.10082291666666668 0.10183333333333333
0 0.21126041666666667 0.36696296296296294 0.17835416666666667 0.1698148148148148
0 0.030135416666666668 0.529462962962963 0.060270833333333336 0.1272962962962963
0 0.7545625 0.05542592592592593 0.05982291666666666 0.05388888888888889
0 0.49128125 0.6554814814814814 0.24000000000000002 0.24542592592592594
0 0.8681666666666668 0.06862962962962964 0.05946875 0.06601851851851852
0 0.5147083333333333 0.8775000000000001 0.3237083333333333 0.24501851851851852
0 0.600125 0.09342592592592593 0.07147916666666668 0.06435185185185185
0 0.7191041666666667 0.10814814814814815 0.07865625000000001 0.08522222222222223
0 0.8785624999999999 0.16081481481481483 0.09147916666666665 0.11081481481481482