0 0.7426666666666667 0.20174074074074075 0.10173958333333334 0.10718518518518519
0 0.18995833333333334 0.23827777777777776 0.06522916666666666 0.10335185185185186
0 0.6197083333333333 0.2399814814814815 0.08017708333333333 0.08681481481481482
0 0.36355208333333333 0.3141851851851852 0.08389583333333334 0.10701851851851851
0 0.6647812500000001 0.32561111111111113 0.11905208333333334 0.11562962962962962
0 0.8699375 0.3521851851851852 0.16398958333333333 0.1602222222222222
0 0.025437500000000002 0.36877777777777776 0.05086458333333333 0.11648148148148148
0 0.0578125 0.04094444444444444 0.03170833333333333 0.05625925925925926
0 0.19721875000000003 0.04296296296296296 0.0365 0.0432037037037037
0 0.32577083333333334 0.06931481481481482 0.04198958333333334 0.050333333333333334
0 0.7772604166666667 0.6944999999999999 0.2141875 0.2664814814814815
0 0.03729166666666666 0.07051851851851852 0.029135416666666667 0.04701851851851852
0 0.22369791666666666 0.07559259259259259 0.03816666666666667 0.04577777777777778
0 0.39018749999999996 0.07637037037037038 0.04101041666666667 0.05018518518518519
0 0.12854166666666667 0.10055555555555555 0.03695833333333333 0.058666666666666666
0 0.47830208333333335 0.10335185185185186 0.04417708333333333 0.044314814814814814
0 0.012343749999999999 0.10483333333333333 0.020895833333333332 0.05581481481481482
0 0.07480208333333334 0.11324074074074074 0.0400625 0.06977777777777777
0 0.5041354166666667 0.14151851851851852 0.060572916666666664 0.08075925925925925