0 0.09697916666666666 0.24266666666666664 0.058770833333333335 0.09214814814814815
0 0.30961458333333336 0.24911111111111112 0.06897916666666666 0.0908148148148148
0 0.1915 0.02914814814814815 0.029864583333333337 0.04688888888888889
0 0.8768854166666666 0.2914814814814815 0.12980208333333335 0.11574074074074074
0 0.2840520833333333 0.34609259259259256 0.08837500000000001 0.13094444444444445
0 0.0315625 0.36614814814814817 0.06311458333333334 0.1625
0 0.9316354166666667 0.4539074074074074 0.13672916666666665 0.16992592592592592
0 0.5335729166666667 0.4606851851851852 0.14509375 0.17207407407407407
0 0.32157291666666665 0.05703703703703704 0.036812500000000005 0.045703703703703705
0 0.28679166666666667 0.588462962962963 0.11467708333333333 0.1940185185185185
0 0.03057291666666667 0.06035185185185186 0.03654166666666667 0.049462962962962966
0 0.23638541666666668 0.07492592592592592 0.042708333333333334 0.05583333333333333
0 0.10536458333333334 0.07598148148148148 0.035479166666666666 0.04938888888888889
0 0.15089583333333334 0.11985185185185185 0.041604166666666664 0.05737037037037037
0 0.44647916666666665 0.14822222222222223 0.06225 0.07137037037037038