0 0.9576666666666667 0.5021111111111111 0.05739583333333333 0.06688888888888889
0 0.79703125 0.5392962962962964 0.08388541666666667 0.07005555555555555
0 0.29344791666666664 0.5606111111111112 0.09753125 0.08135185185185186
0 0.7890520833333333 0.5713148148148148 0.07432291666666666 0.06285185185185185
0 0.45087499999999997 0.5883518518518518 0.11111458333333334 0.07983333333333333
0 0.09322916666666667 0.6051851851851852 0.18646875 0.24170370370370373
0 0.44935416666666667 0.6508148148148148 0.09844791666666668 0.07657407407407407
0 0.15901041666666668 0.6910370370370371 0.30942708333333335 0.24816666666666665
0 0.40561458333333333 0.7105185185185185 0.11514583333333334 0.09911111111111112
0 0.22145833333333334 0.7864444444444445 0.14426041666666667 0.12844444444444444
0 0.08119791666666668 0.849111111111111 0.15860416666666666 0.13983333333333334