0 0.5388229166666666 0.18562962962962962 0.08027083333333333 0.09490740740740741
0 0.44706250000000003 0.19235185185185186 0.06341666666666666 0.07987037037037037
0 0.7064895833333333 0.21101851851851852 0.08386458333333334 0.10862962962962962
0 0.17219791666666667 0.028296296296296295 0.0313125 0.05661111111111111
0 0.2675104166666667 0.03922222222222222 0.036041666666666666 0.04709259259259259
0 0.3448333333333334 0.3947962962962963 0.10576041666666666 0.15994444444444444
0 0.9809166666666667 0.4237222222222222 0.038177083333333334 0.1295
0 0.32354166666666667 0.0457962962962963 0.031125 0.04601851851851852
0 0.6828333333333333 0.579037037037037 0.184 0.21218518518518517
0 0.09830208333333333 0.06711111111111112 0.03417708333333334 0.05446296296296296
0 0.13604166666666667 0.7776296296296297 0.14490625000000001 0.26464814814814813
0 0.37840625 0.07838888888888888 0.044697916666666664 0.07414814814814814
0 0.04035416666666667 0.08168518518518518 0.02726041666666667 0.04942592592592593
0 0.07969791666666667 0.1032962962962963 0.03220833333333333 0.0612962962962963
0 0.5158645833333334 0.1143888888888889 0.06320833333333334 0.07777777777777778
0 0.03758333333333333 0.14107407407407407 0.03613541666666666 0.06846296296296296
0 0.42998958333333337 0.14201851851851852 0.05171875 0.0675
0 0.19960416666666667 0.15066666666666667 0.04766666666666666 0.07625925925925926
0 0.12428125 0.16807407407407407 0.049281250000000006 0.09114814814814814