0 0.9777083333333334 0.2200925925925926 0.04458333333333333 0.0869074074074074
0 0.5646562500000001 0.23244444444444443 0.09508333333333334 0.10305555555555555
0 0.3626666666666667 0.3683148148148148 0.13661458333333334 0.10985185185185185
0 0.7463854166666667 0.39609259259259255 0.13002083333333334 0.13692592592592592
0 0.06072916666666666 0.42562962962962964 0.12145833333333332 0.13048148148148148
0 0.7721041666666667 0.4802407407407407 0.168625 0.1940925925925926
0 0.14870833333333333 0.5096666666666667 0.22952083333333334 0.22162962962962965
0 0.8526458333333333 0.6324074074074074 0.19188541666666667 0.19644444444444445
0 0.90271875 0.08657407407407407 0.03883333333333334 0.04209259259259259
0 0.9526354166666666 0.08818518518518519 0.04411458333333333 0.05385185185185185
0 0.19278125 0.9415925925925925 0.32409375 0.11681481481481482
0 0.7919270833333333 0.1219814814814815 0.054427083333333334 0.05307407407407407
0 0.8054895833333333 0.1652962962962963 0.07033333333333333 0.06848148148148148