0 0.21265625000000002 0.20503703703703705 0.048125 0.04538888888888889
0 0.3295833333333333 0.23724074074074078 0.05763541666666667 0.052833333333333336
0 0.12946875 0.23814814814814814 0.04683333333333333 0.0745925925925926
0 0.3088125 0.25896296296296295 0.04973958333333333 0.05355555555555556
0 0.7390208333333333 0.2772962962962963 0.07682291666666667 0.06174074074074075
0 0.82275 0.30183333333333334 0.08722916666666666 0.07659259259259259
0 0.5914895833333333 0.30607407407407405 0.07984375 0.06227777777777778
0 0.9325833333333333 0.33001851851851854 0.10498958333333334 0.08738888888888889
0 0.48554166666666665 0.44157407407407406 0.1275625 0.16518518518518518
0 0.925625 0.5136111111111111 0.14875000000000002 0.12977777777777777
0 0.9268229166666667 0.7307222222222222 0.14634375000000002 0.28481481481481485