0 0.05157291666666666 0.24062962962962964 0.05608333333333334 0.053907407407407404
0 0.24628125 0.3090740740740741 0.08975 0.07683333333333334
0 0.09941666666666667 0.31407407407407406 0.07807291666666667 0.08112962962962963
0 0.3785 0.3258518518518519 0.07534375 0.08761111111111111
0 0.51865625 0.44796296296296295 0.11527083333333334 0.09820370370370371
0 0.124375 0.45638888888888884 0.10073958333333333 0.12646296296296297
0 0.87471875 0.48692592592592593 0.21040625000000002 0.19892592592592592
0 0.04915625 0.6082592592592592 0.0983125 0.20227777777777778
0 0.6852083333333333 0.7076481481481481 0.28169791666666666 0.30133333333333334
0 0.41772916666666665 0.7586851851851851 0.22591666666666665 0.25525925925925924
0 0.15107291666666667 0.8796296296296297 0.2534895833333333 0.24074074074074073