0 0.06672916666666667 0.21455555555555555 0.03191666666666667 0.035944444444444446
0 0.4495625 0.23083333333333333 0.05080208333333334 0.042851851851851856
0 0.23540625 0.23672222222222222 0.04394791666666666 0.040407407407407406
0 0.11942708333333334 0.2385925925925926 0.039552083333333335 0.041277777777777774
0 0.49504166666666666 0.23870370370370372 0.05201041666666666 0.05007407407407407
0 0.5482395833333332 0.25159259259259265 0.06225 0.05588888888888889
0 0.6027916666666666 0.26216666666666666 0.06397916666666667 0.05994444444444444
0 0.3417291666666667 0.2690740740740741 0.05629166666666666 0.048129629629629626
0 0.723125 0.2925555555555555 0.07547916666666667 0.06375925925925927
0 0.8064583333333334 0.3153703703703704 0.08990625000000001 0.07516666666666667
0 0.9144583333333334 0.34431481481481485 0.09917708333333333 0.0760925925925926
0 0.24502083333333333 0.346962962962963 0.07279166666666666 0.07568518518518517
0 0.6881666666666667 0.3762407407407407 0.10973958333333332 0.08581481481481482
0 0.5603229166666667 0.4923888888888889 0.1345 0.13862962962962963
0 0.88996875 0.7636481481481482 0.2200625 0.2652037037037037
0 0.09211458333333335 0.9522777777777778 0.1842291666666667 0.09544444444444444