0 0.15889583333333332 0.1880925925925926 0.047989583333333335 0.07988888888888888
0 0.26309375 0.02362962962962963 0.03361458333333334 0.033
0 0.5013958333333333 0.22307407407407406 0.07271875 0.07862962962962963
0 0.22161458333333334 0.02801851851851852 0.03240625 0.05605555555555555
0 0.9460625 0.31927777777777777 0.10788541666666666 0.11148148148148149
0 0.9648854166666666 0.44635185185185183 0.07022916666666666 0.1235
0 0.20448958333333334 0.5169814814814815 0.09590625 0.17070370370370372
0 0.03607291666666667 0.05196296296296296 0.028291666666666666 0.04696296296296296
0 0.20734375000000002 0.05648148148148148 0.040718750000000005 0.05598148148148148
0 0.5680520833333333 0.6842222222222223 0.16758333333333333 0.24024074074074073
0 0.34842708333333333 0.07951851851851852 0.047239583333333335 0.04790740740740741
0 0.4248125 0.08007407407407408 0.047760416666666666 0.05187037037037037
0 0.3095208333333333 0.08355555555555555 0.0319375 0.05031481481481482
0 0.13841666666666666 0.8344444444444444 0.16247916666666665 0.30992592592592594
0 0.9660937500000001 0.8547037037037037 0.06782291666666666 0.29059259259259257
0 0.06974999999999999 0.09527777777777778 0.039562499999999994 0.05096296296296296
0 0.15907291666666667 0.10162962962962964 0.04353125 0.06651851851851852
0 0.30216666666666664 0.11207407407407408 0.044458333333333336 0.053203703703703704
0 0.45571875 0.12114814814814816 0.0566875 0.06281481481481482
0 0.6184479166666667 0.14983333333333332 0.06484375 0.07175925925925926
0 0.047885416666666666 0.15814814814814815 0.05192708333333333 0.1082962962962963
0 0.24033333333333334 0.17098148148148148 0.06503125 0.09981481481481481