0 0.39895833333333336 0.24829629629629632 0.12585416666666666 0.10057407407407408
0 0.7422604166666668 0.0285 0.062468749999999997 0.05698148148148148
0 0.22439583333333332 0.2793333333333333 0.11648958333333333 0.10283333333333333
0 0.13111458333333334 0.3827037037037037 0.15107291666666667 0.1471851851851852
0 0.21744791666666666 0.3854444444444444 0.16509375 0.12701851851851853
0 0.025249999999999998 0.3859814814814815 0.050499999999999996 0.11670370370370371
0 0.16714583333333335 0.47327777777777774 0.18147916666666666 0.15451851851851853
0 0.7658229166666667 0.05024074074074074 0.0679375 0.06061111111111111
0 0.03357291666666666 0.8966111111111111 0.06177083333333333 0.16644444444444442
0 0.8674270833333334 0.01211111111111111 0.03716666666666667 0.02422222222222222
0 0.9083020833333334 0.01566666666666667 0.04038541666666667 0.03133333333333334
0 0.8811354166666666 0.17262962962962963 0.0934375 0.10022222222222221